Bishop Magics:
227440611639181824
4612409514325475456
2925096755152289952
2955535636125193224
9224520066631991297
9232528959743229953
565492608139809
153177947094786117
1333075522812416544
162173580543623681
432358814270031920
360327741729407057
468411787860247616
4629736769674543169
108086675331090440
1153064464883943428
4613128852695697664
148619096961926144
307089483160225281
20266216044138496
10386004445348528193
9289936968942336
4637036359625737508
47868346380714512
577591466338026690
4508139676848640
1153493250728797184
10423370566877456
144397008814227464
2344128279004389768
578855660494914088
586031079220316672
1247507026746281984
2594794735860711973
1128124716958720
9241687703706665088
76563394836828180
1299306668936462592
184930176525795872
2305984298608624128
2488243261039772760
3531112392018759680
4521467496630288
720657716959265028
5197226546411079168
577604246577348872
3485840005983650048
13835344001622343744
612779829250888192
9225768989416882176
2323859898907041920
9007201471692800
1152939165613167618
9223469481207435288
21761602940504128
2310351178690744448
148637513777684740
3751498768843874372
4362404964
9295429631036097569
2323875000184079872
5188146840004264192
76605242900349952
361449606439010436
