Rook Magics:
9224500427860492292
1160820400455811173
6920361509717674240
10991105534355046672
2351512461758955664
18024311335949313
3458834887430146056
1153520738980870145
9224639017850503186
666603114937196552
2305983815423623296
254594460040579072
28429041769907457
3605694524747694592
9223653529581797632
35184377333248
9241386710289481745
22535865205022720
576603689085698112
36593946142449712
9802225876283164672
11338168741662788
9011599583547410
2596325464352366608
211106510405760
879610377011264
105557415563520
11531475661303578753
306253575050249472
9224498093528842368
281479271809028
9385646797763969024
45044814110523528
9227875773925310468
2328369803982537728
576489756234354689
2342434808027684936
18718515473154560
6359155825797238787
36029965258588672
9372588964273602560
1740712861942169600
1730613714513625154
1169949108535328
18295925965389904
9223935296650477584
2306416958849155208
565217972994192
9367558143435375116
288371388870304000
422530571698688
18155239086489728
9150702710947968
1234268056813865216
11577926177276928
536887328
9223377555887752192
4760586437982716288
2269393346363672
2607655657620932608
141845602770960
9584275761475371305
1585329331902611584
576520132373906448
